Filename,IoU,Accuracy,Precision,Recall,F1 Score
20023150_patch_14.csv,0.030396968914147938,0.914093017578125,0.26167531504818387,0.033248563624376004,0.059000501420691964
20023150_patch_6.csv,0.014378118647200148,0.8982772827148438,0.2443467336683417,0.015047191706637784,0.028348637224894332
19983102_patch_49.csv,0.0,0.9808464050292969,0.0,0.0,0.0
20023150_patch_106.csv,0.001799023387304035,0.94073486328125,0.28,0.0018073844564936742,0.0035915854284248334
19993110_patch_12.csv,0.08659359190556493,0.9586753845214844,0.27019205472244145,0.11303103675985032,0.15938542717467216
19993132_patch_99.csv,0.09412183262837491,0.9125823974609375,0.5994461228600202,0.10043870750021092,0.17205000361297781
20023150_patch_141.csv,0.04148624109512502,0.895294189453125,0.30236701450750825,0.04587758254489284,0.07966738197424893
19993132_patch_62.csv,0.030037777573021285,0.9196853637695312,0.37108708025042686,0.03164894908014174,0.05832364254405582
19993109_patch_7.csv,0.01858362631843295,0.9925460815429688,0.11455108359133127,0.021700879765395895,0.03648915187376726
20023150_patch_148.csv,0.016986706056129987,0.9289169311523438,0.26855713094245204,0.017810719619447978,0.03340595497458243
19993132_patch_56.csv,0.0,0.9947624206542969,0.0,0.0,0.0
20023150_patch_76.csv,0.004191295002686728,0.9293060302734375,0.308300395256917,0.004231082180634662,0.008347602739726026
19993110_patch_14.csv,0.0,0.997467041015625,0.0,0.0,0.0
20013122_patch_36.csv,0.0044596912521440825,0.9778594970703125,0.014976958525345621,0.006310679611650485,0.008879781420765027
20023150_patch_86.csv,0.012541473125414732,0.8864669799804688,0.2948517940717629,0.01292926528936927,0.02477226554820106
19993109_patch_13.csv,0.07428430404738401,0.9856910705566406,0.3084016393442623,0.08913236600533017,0.13829542844015622
19983102_patch_36.csv,0.0,0.9770774841308594,0.0,0.0,0.0
19993132_patch_147.csv,0.003376538503430999,0.9301910400390625,0.11992263056092843,0.0034623331658010835,0.006730351715154148
20023150_patch_32.csv,0.0033675072962658084,0.9491958618164062,0.35714285714285715,0.0033880439692817346,0.006712410501193318
20013122_patch_8.csv,0.006903435082758047,0.9544525146484375,0.02196348240275205,0.009967575357271526,0.013712208822071699
20023150_patch_134.csv,0.06453634085213032,0.8974838256835938,0.36771122570408565,0.0725920125293657,0.12124779281930546
19993110_patch_3.csv,0.027795325331648767,0.9941291809082031,0.4,0.02900461437046803,0.05408727719729564
19993110_patch_50.csv,0.0,0.9988555908203125,0.0,0.0,0.0
19993132_patch_63.csv,0.008020050125313283,0.939605712890625,0.1921921921921922,0.008299831409674491,0.015912481352560914
19993110_patch_23.csv,0.03135085292761641,0.9599266052246094,0.1068846274756366,0.04247876061969016,0.06079570853822083
20013122_patch_60.csv,0.01288404360753221,0.9886016845703125,0.05972434915773354,0.016162453377538334,0.02544031311154599
19993109_patch_70.csv,0.055784350430550356,0.9903793334960938,0.3791348600508906,0.06139266584260404,0.10567375886524823
19993109_patch_31.csv,0.0,0.9979705810546875,0.0,0.0,0.0
19983102_patch_35.csv,0.003967043027158987,0.987548828125,0.025896414342629483,0.004662840746054519,0.00790273556231003
20023150_patch_80.csv,0.05117807452981892,0.8964614868164062,0.2885297595585337,0.0585693710993759,0.09737279680744929
